00000000000000000000000000000000000000000000000000000000000000000000000000000000100000000000000000000
00000000000000000000000000000000000000000000000000000000000000000000000000000000000000000000000000000
00000000000000000000000000000000000000000000000000000000000000000000000000000010110000000000000000000
00000000000000000000000011111100000000000000000000000000000000000000000000010101110100000000000000000
00000000000000011111111100000010000000000000000000000000000000000000000011101011110100000000000000000
00000000000000100000000001111100100000000000000000000000000000000000001100011111110100000000000000000
00000000000010011111111111111111010000000000000000000000000000000000110011111111110100000000000000000
00000000000100111111111111111111101000000000000000000000000000011111001111111111110101110000000000000
00000000001011111111111111111111110100000000000000000000000000100000111111111111110110001100000000000
00000000010111111111111111111111111010000000000000000000110000011111111111111111110101110010000000000
00000001101111111111111111111111111101000000000000000000001010111111111111111111111011111101000000000
00000010011111111111111111111111111110100000000000000010110111111111111111111111110111111110100000000
00000101111111111111111111111111111111110000000000000111111010111111111111111111111111111111010000000
00001111111111111111111111111111111111111000000000000101111111111111111111111111111111111111101000000
00011111111111111111111111111111111111101100000000000101111111111111111111111111111111111111101000000
00010111111111111111111111111111111111111010000000000101111111111111111111111111111111111111110000000
00101111111111111111111111111111111111111101100000000010111111111111111111111111111111111111110000000
00101111111111111111111111111111111111111110011000000010111111111111111111111111111111111110100000000
00101111111111111111111111111111111111111111100110000010111111111111111111111111111111111101000000000
01111111111111111111111111111111111111111111111001110111111111111111111111111111111111111010000000000
01011111111111111111111111111111111111111111111110001000011111111111111111111111111111110110000000000
01011111111111111111111111111111111111111111111111110011111111111111111111111111111111111100000000000
01011111111111111111111111111111111111111111111111111111111111111111111111111111111111110100000000000
01011111111111111111111111111111111111111111111111111111111111111111111111111111111111110100000000000
01011111111111111111111111111111111111111111111111111111111111111111111111111111111111110100000000000
01011111111111111111111111111111111111111111111111111111111111111111111111111111111111111010000000000
01011111111111111111111111111111111111111111111111111111111111111111111111111111111111111111000000000
11111111111111111111111111111111111111111111111111111111111111111111111111111111111111111101000000000
10111111111111111111111111111111111111111111111111111111111111111111111111111111111111111110100000000
10111111111111111111111111111111111111111111111111111111111111111111111111111111111111111111010000000
10111111111111111111111111111111111111111111111111111111111111111111111111111111111111111111101100000
10111111111111111111111111111111111111111111111111111111111111111111111111111111111111111111110110000
10111111111111111111111111111111111111111111111111111111111111111111111111111111111111111111111100000
10111111111111111111111111111111111111111111111111111111111111111111111111111111111111111111111111000
10111111111111111111111111111111111111111111111111111111111111111111111111111111111111111111111111111
10111111111111111111111111111111111111111111111111111111111111111111111111111111111111111111111111101
01011111111111111111111111111111111111111111111111111111111111111111111111111111111111111111111111111
01011111111111111111111111111111111111111111111111111111111111111111111111111111111111111111111111110
01011111111111111111111111111111111111111111111111111111111111111111111111111111111111111111111111110
01011111111111111111111111111111111111111111111111111111111111111111111111111111111111111111111111110
01111111111111111111111111111111111111111111111111111111111111111111111111111111111111111111111111110
00101111111111111111111111111111111111111111111111111111111111111111111111111111111111111111111111111
00101111111111111111111111111111111111111111111111111111111111111111111111111111111111111111111111101
00101111111111111111111111111111111111111111111111111111111111111111111111111111111111111111111111101
00101111111111111111111111111111111111111111111111111111111111111111111111111111111111111111111111010
00101111111111111111111111111111111111111111111111111111111111111111111111111111111111111111111111010
00101111111111111111111111111111111111111111111111111111111111111111111111111111111111111111111111100
00111111111111111111111111111111111111111111111111111111111111111111111111110011111111111111111110100
00101111111111111111111111111111111111111111111111111111111111111111111111001100001111111111111001000
01011111111111111111111111111111111111111111111111111111111111111111111110110011100111111111100110000
01011111111111111111111111111111111111111111111111111111111111111111111101000000011000011000011000000
00101111111111111111111111111111111111111111111111111111111111111111111010000000000111100011100000000
00010111111110101111111111111111111111111111111111111111111111111111111010000000000000011100000000000
00011011111111110111111111111111111111111111111111111111111111111111111110000000000000000000000000000
00001111111110101011111111111111111111111111111111111111111111111111110100000000000000000000000000000
00001011111110101101111111111111111111111111111111111111111111111111110100000000000000000000000000000
00001011111110100010111111111111111111111111111111111111111111111111101000000000000000000000000000000
00001011111110100001011111111111111111111111111111111111111111111111111000000000000000000000000000000
00000101111110100000100111111111111111111111111111111111111111111111010000000000000000000000000000000
00000101111110100000011001111111111111111111111111111111111111111111110000000000000000000000000000000
00000101111110100000000110111111111111111111111111111111111111111110100000000000000000000000000000000
00000101111110100000000011111111111111111111111111111111111111111111000000000000000000000000000000000
00000101111110100000000010111111111111111111111111111111111111111101000000000000000000000000000000000
00000101111110100000000101111111111111111111111111111111111111111101000000000000000000000000000000000
00000101111110100000000101111111111001111111111111111111111111111110000000000000000000000000000000000
00000101111110100000000111111111111101111111111111111111111111111010000000000000000000000000000000000
00000101111111010000001011111111111110111111111111111111100011111010000000000000000000000000000000000
00000101111111110000000111111111111111111111111111110000011111111010000000000000000000000000000000000
00000101111111010000000101111111111111111111111111001111101011111010000000000000000000000000000000000
00000101111111101000000010111111111111011111111110110000001011111010000000000000000000000000000000000
00001111111111111100000001001111111001011111111111000000000011111010000000000000000000000000000000000
00001011111111110100000000110001000111011111111010000000011111111010000000000000000000000000000000000
00001011111111111010000000001100111001011111110100000000010111111010000000000000000000000000000000000
00001011111111111101000000000011000001011111111100000000010111111110000000000000000000000000000000000
00001011111111111111100000000000000001011111110100000000010111111010000000000000000000000000000000000
00001011111111111110100000000000000001011111111000000000100111111111000000000000000000000000000000000
00000101111111111111100000000000000001011111101000000000010111111101000000000000000000000000000000000
00000110111111111101000000000000000001011111101000000000010111111110100000000000000000000000000000000
00000011011111110000000000000000000001011111101000000000010111111111010000000000000000000000000000000
00000000100111101100000000000000000001011111101000000000101111111111111000000000000000000000000000000
00000000011000010000000000000000000001011111101000000000101111111111101100000000000000000000000000000
00000000000111100000000000000000000001011111101000000000101111111111110100000000000000000000000000000
00000000000000000000000000000000000001011111101000000000101111111111111010000000000000000000000000000
00000000000000000000000000000000000001011111111000000000010111111111111010000000000000000000000000000
00000000000000000000000000000000000010011111110100000000010111111111111010000000000000000000000000000
00000000000000000000000000000000000011111111111100000000001011111111111110000000000000000000000000000
00000000000000000000000000000000000001011111110100000000000101111111100100000000000000000000000000000
00000000000000000000000000000000000010111111111010000000000010001110011000000000000000000000000000000
00000000000000000000000000000000000010111111111101000000000001100001100000000000000000000000000000000
00000000000000000000000000000000000111111111111110100000000000011110000000000000000000000000000000000
00000000000000000000000000000000000101111111111111110000000000000000000000000000000000000000000000000
00000000000000000000000000000000000101111111111111010000000000000000000000000000000000000000000000000
00000000000000000000000000000000000101111111111111101000000000000000000000000000000000000000000000000
00000000000000000000000000000000000010111111111111101000000000000000000000000000000000000000000000000
00000000000000000000000000000000000001011111111111111000000000000000000000000000000000000000000000000
00000000000000000000000000000000000000101111111111010000000000000000000000000000000000000000000000000
00000000000000000000000000000000000000010001111100100000000000000000000000000000000000000000000000000
00000000000000000000000000000000000000001110000011000000000000000000000000000000000000000000000000000